5
Arroz - 21.8 2.5
Feijão - 7.8 4.2
Macarrão - 76.6 10.3
Farinha de trigo - 75.1 9.8
Farinha de milho - 79.1 7.2
1 2 3 4 5 6 7 8 9 10 11 12
0.08 0.09 0.1 0.11 0.13 0.14 0.17 0.20 0.25 0.33 0.5 1
43
120.37 16.04
93.13 12.46
20.64 2.64
130.42 16.7
25.40 3.40
157.65 20.37
33.87 4.34
33.87 4.34
33.87 4.34
33.87 4.34 
33.87 4.34
33.87 4.34
167.02 23.50 
247.82 33.67
92.28 12.35
261.96 37.31
97.36 13.03
88.89 11.89
93.54 12.42
25.40 3.40
2.12 0.28
92.48 13.27
16.93 2.27
132.68 17.60
40.42 5.36
112.46 16.06
155.62 22.03
68.45 9.03
84.91 12.10
129.20 18.28
72.66 9.92
92.23 12.60
36.25 4.99
66.48 9.39
77.83 11.10
44.07 6.20
30.51 4.24
14.05 1.99
23.49 3.09
32.43 4.30
12.29 1.64
17.39 2.29
29.63 3.96
1 2 3 4 5 6 7 8 9 10 11 12
0 0 600 40 0 160 0 880 680 2920 2680 480
0 240 200 40 40 520 80 0 0 440 200 920
20 120 350 70 0 0 0 0 0 0 0 0
720 360 100 200 80 0 200 0 0 0 0 0
0 0 650 0 0 580 0 0 100 0 0 0